-7.52171426559033,0.926459238271686,1.46961708542728,-0.45106028457264,-0.441706290490526,0.171482597475282,-0.222238875723292,-0.0282044936588771,-1.00490231874578,-0.458839520051266,1.35012661708678
2.21113854603315,1.82282116882838,0.517903197164475,0.613925901136103,-0.506415710340733,-0.687380895965616,0.993221125034687,0.505742505699008,-0.357383399391891,1.33945997714617,-2.47965019929791
-6.25072203208374,-1.61056689832483,-2.33110353164749,-1.24848902365759,-1.30708079657058,2.16711710120136,0.570355637351821,-0.218243094436522,0.596968859573059,1.43595673521177,0.481266688963536
1.20565390363214,-0.285109752221173,0.11339995529826,-0.26767819826547,-1.76943020305094,0.56957284782538,-0.157583054541541,-0.323309543174232,2.06570482235134,1.16356247257938,-1.87718388442231
6.19940927518134,-0.342073029720119,1.72687722898405,0.666587016771948,0.470269694874375,-1.87777447402016,0.349641294161685,0.59345608467089,-1.39296617185618,1.88053186332135,-0.849373585214977
-6.76256105621709,0.366176146189186,0.465973315399799,0.47456415760179,-0.873536566499136,0.424685192331829,0.168002256846069,0.273781563145566,0.217761863647984,-0.00639470386212802,0.356840838728041
-8.62973949111572,-1.32704084856317,-0.846207284433997,-0.426456324768165,0.589640622980995,0.977851000307266,0.386956234764601,0.540309020156428,-1.86434374332493,1.57265398986006,1.72913655971984
-19.6134297386911,2.41259221039848,1.12064398271456,1.48619391423958,-2.20392013411608,0.90904104799933,1.67459567030029,-1.36772629504551,-0.433701911593394,0.118202015357222,0.325344078014918
-0.73493881319548,0.0638153475679835,-0.0306138531008822,1.34371368132108,0.686122816381005,1.2343367122289,0.822005214056506,-1.08553846571833,-1.18912391341383,-1.30667030721419,-0.27621848119689
-4.04467917008739,1.54551477991149,1.07024005705832,-1.69971057647199,-0.718171242347179,-0.818545122978638,-0.557678821928226,1.19674603202283,1.52011702733587,-0.146102226264059,0.70600403796366
0.875805877757685,-1.88472709879316,0.0800019506793996,0.619064664859309,-0.0211590662094469,0.233611492692775,-0.819629486608521,0.304761983460083,-1.07643543378199,0.0769299610972844,1.28323128917479
9.72875470645052,0.911427292224163,0.348757379669777,-1.76279609796447,0.760337173651155,-1.15791131500997,-0.208930059509682,-0.0829086848341484,0.491017993006128,-0.235623976943731,-0.104806529557348
-2.0598309327373,-1.30545587705056,-0.118609341463768,1.44774115427312,0.966162489484342,1.0847980432422,0.682758206084475,-2.22243105228054,1.19529603043689,-1.36752155938652,-0.25903842794399
-1.943522919702,0.0420736502948709,-1.29660228534954,-1.59778504336355,1.10608649059158,0.27948858872214,0.722317726967607,-1.06309023709944,0.0737553328407876,0.488361835760757,0.74171871310945
-3.92840609037667,-0.785330601690744,-0.498773540565033,0.316687463450156,-1.07191221863297,-0.758263252536494,1.22840738155479,1.52887574413382,-1.43241449462266,0.85870198399346,1.69454053540462
3.75858814789618,1.21163261247342,2.09264940583343,0.505512563883715,-0.619927507302163,0.134081981035868,-1.54161877633232,-0.573487967587603,-0.655457532170779,-1.61637898786719,0.0867262490575194
-2.71303266724441,-0.924548751979494,0.0583106160688775,0.414164645916323,-0.207274722062885,0.983084835532078,-0.53904585076001,0.748279555349541,-0.619564637817806,-2.77711696942412,1.57157340445432
-11.0683324758648,-0.678028957513354,0.437274039243509,-0.444680844462407,0.515327785797054,2.61901854435188,1.57762654601042,-0.188296053655797,-1.79271165112558,0.552789658963743,-0.335257739269109
-0.123433160174168,1.33215936703379,-0.899708532752852,-0.0960109811248771,-0.098493792905504,-0.323900488714931,0.116883486120471,-0.930278868248404,-1.79162078263956,0.290361102118861,0.742252008041415
4.06882875656854,0.462587553312777,0.139423428387351,0.52629394483899,0.921881924384446,0.177957209379943,0.724151410422193,-0.33645084268779,-0.356498938752966,-1.92245440296361,-0.464428928329889
-4.44582655283489,-1.30222188156542,-0.178985667500484,0.388703197021198,-0.807701162497661,0.108068935730623,-0.665000597616382,0.61404050551026,1.10454015133203,1.74621925168976,-0.0702057839942848
-7.97894837429199,1.10849126429603,-0.273648682082814,-1.7206807807906,0.518655178443597,0.0415269512259128,0.5080506051316,1.28524527850338,0.0616889864816018,0.265825953084092,0.583280123645402
-9.52942549302755,-0.772136842165164,0.821286129835137,1.35644785959719,0.25396105089916,0.989629370462799,0.0319490780071077,1.01262884312235,-0.12827043656689,-0.540147608842091,0.0428407224864123
9.38422177907011,-0.677170264718983,1.27179855555698,-1.6678383540965,0.496885266834292,-0.246845644149616,0.307893954317825,-0.819679424207915,-0.863895589407926,-0.221501277827176,-0.305131441310156
2.94385232299369,0.464307295943082,-1.54337220822831,-1.35134449799648,0.516229581656738,1.65230574361947,-0.602337806851559,-0.751660961595564,-0.820656331804839,0.749365564565482,-0.493767795880222
0.0205769283727917,-1.95031877030686,-0.811061191819667,1.20084130134213,0.216002556988505,0.773526959119535,-0.0637196972037672,-0.958017302319796,0.716514437577878,-0.0511701125937949,-0.535743414337154
9.16490795056396,-1.05559498366652,-0.767096386255074,-1.84535310380785,1.40593862504114,1.8533980477961,-0.457625292657427,-0.535573791284902,-0.0113983816552612,-0.996475656567036,-1.14914503109382
3.58583313277042,-0.117809546430733,1.88369720894753,-1.71859517431644,0.066380751828121,-0.0575785051417894,-0.502775338443356,-0.314518437657483,1.66230891091763,-1.3818214468357,0.420821358202377
-15.2114021368804,-0.259521117192562,1.37656616766059,2.51967134414537,-1.28084440014503,-0.281649035301873,0.894150233270888,-1.00402517365462,1.74329540432366,0.678154397095793,-0.383253319666889
-7.30597330234666,-1.74823904308864,0.202530268460059,0.525487649654119,1.14260698071282,0.875897284930586,0.662724960237192,-1.05775357385253,1.33729287131671,-0.0264863257124451,-0.40293050364564
9.17950036535502,-0.908864577132599,0.414401522545524,-0.730815734553033,-1.96658092294844,-0.510696364256799,-0.634812961203224,0.152418549862826,1.35716293012276,-0.0813442687282004,-0.60440201207047
0.489695012514711,0.206920605597693,-0.0695372885822129,1.11626092705289,0.667635930854093,-1.86131578131055,1.98137355347076,-0.331005696309443,-1.94658170577442,0.807178558054956,0.0152327303776542
-16.6664915412702,0.313473820135052,-0.102583656171209,0.145028926858521,0.984149158318633,0.278001644478525,1.22036012192052,0.167053646736716,0.1257323330167,0.127822595575992,1.3471962157745
7.40733382797047,1.16177107477817,0.511526018054753,-3.29028149802527,-0.136593285420621,-0.453528171248228,0.492239019915495,-0.587342594913192,0.459895246252718,-0.696740576621369,0.326281674946995
-4.06558061100574,-1.69399157959349,1.61261834794518,0.562515643806003,0.490473772183716,-0.396431899227983,-0.57497241098916,0.879259529983771,1.51485591187956,0.685301817600299,-0.530769785900926
-0.23902188676835,1.03521758350093,-0.805107617257675,0.445566656280466,-0.838704390606874,0.153779015339437,0.146599720079521,1.78204290430528,-2.22600218617881,-0.302536305116186,0.603015593677954
2.92144338826013,0.665834097187058,-1.63469020176441,0.825158314978267,-1.04871914138738,-1.59304694372376,0.25566582991682,-0.36394434277807,0.378288830300241,0.694069058058849,-0.095550250981679
11.0929369923919,-1.27189192342395,0.00245454210160715,1.0150076791995,-0.202259273284922,-0.132931804459279,0.59872836901151,-0.927028791826526,-1.69367404943407,0.0846400624395138,-1.53647419556957
-6.50465883496937,0.609639267658474,0.27619554813621,-0.871752242574442,2.25980239331917,1.80781778135953,-0.710720816835531,0.227209072712444,0.221927471984656,-0.197819296016993,0.245022981927939
-18.8936778720191,0.820969183841197,-0.135363019172945,0.323394780555961,0.93240884352054,1.50674282421361,0.0289958885109278,-0.211743511581233,0.186254888463553,1.33380272067645,0.0986762105279324
-13.3263893471316,0.694870340576796,-0.626523429855363,-0.213550341271543,0.828577507269235,1.22245415966969,0.946551501569835,-0.516395907957998,-0.463011819700508,0.0132476628778415,0.349391325063662
6.56307613919058,2.5308356930666,-0.919185142274276,-0.259369963821145,-0.793989061690781,-1.17387279578987,1.22754426762516,1.17748082866611,-0.709058887031499,-0.56824306200276,-0.849359631981334
-11.8360905236061,0.452242960117826,-0.173654532373416,1.98347948413111,-1.74015848969276,-0.310169912228491,-0.203362053905297,-0.137613275339783,1.44126379618122,0.444894737524221,1.3573366515362
-7.06931230725222,0.98874442169002,1.56178884613621,-1.01204998440805,1.45990907048684,0.175457592658025,0.81415753845817,1.03753475336298,-1.97759054469151,-0.24292367459749,0.988604279814843
1.57048896274511,-0.126509772666702,0.902708966443023,-0.114134836692659,-1.19536786175889,-0.426945423644245,0.00729136168323548,-0.942038886820052,-0.0106524752032575,0.158372766419499,0.559035688132055
3.46314806993555,0.514908473743552,0.894599469379412,1.13757786960631,0.1954818077172,-1.37114435722497,0.985497849076177,0.980850672978167,-0.594237639089657,-0.492551257140639,-1.68267479523137
7.05420372684706,0.827929734074772,0.253771035658566,0.641486060647026,1.37884475522978,0.375793688410732,-0.462314928698372,-1.58075282141866,-0.0895295570400555,-0.905709345389882,-0.513376647458832
-2.05632344769683,-1.32367195246488,-0.14263539932667,0.21128984306113,1.10075247626438,-0.574150391166938,0.809669553421484,0.40182655120108,1.62776787973424,1.05847885731084,-0.92824732309185
2.22430647254382,-0.324552655833816,0.304930787549302,-0.1400679972069,0.0395568047896319,-0.361326962012125,-0.716516202787984,-0.574854102285318,0.672959657268195,-0.0846217493668998,0.605904044947588
-5.3722593145464,-0.557867713234842,-0.0108964893318163,0.164454256151617,0.298031369656762,0.964093621331695,-0.474819794488586,-1.97291549990027,0.421562808393329,0.471708835682694,0.452061069884912
-3.65704474268415,-0.902580254269047,0.0346343675708008,-0.743272364201814,-2.96394542413392,1.7243183971502,-0.981988454461534,-1.4285594898881,0.862490743698385,0.354892670443968,0.61441826971388
0.936916189733416,-1.13163679240031,-1.48737599106087,1.04696343193396,-0.0211080712748405,-0.2123908249731,-1.55221357179173,-0.330085366719797,2.22207442184716,-0.720283386224777,0.504562241246126
-7.46368504486807,0.497081309740858,-0.0152828368436929,-0.86315927605218,-0.689161653253103,1.20871485775663,1.56835683119491,-0.0636043441413427,-1.79423063060775,-0.0265854511146114,1.25752573037787
6.48754085097532,-0.547718755143793,0.484803088234959,-1.52880715888908,-0.548628346432468,-2.01380451330408,1.31267263542036,0.658391791965453,-0.323100631290982,2.23728407516865,-0.517223952236074
-7.02307829582872,-0.0894013928214422,0.200538313274626,1.5804729135017,0.0107118848846619,-0.522638307136355,2.36915540590025,-2.07142782922829,0.239534552033826,-1.71194282760338,0.804176059352526
-0.932087692822655,-2.13096317476047,1.50898923916724,-0.203721738356094,1.05040867501041,-0.28641374595862,1.06938631195289,1.2972895725335,0.668916156038144,-0.585296429533668,-0.204105643659456
-5.38257356494664,-0.900715155842503,-0.550241754587696,0.714772816562887,0.360076396502509,-0.0622266246414883,-1.03682052748134,0.171899248157131,-0.635124303722692,1.48790620084433,1.21734337301987
-1.89602603184655,1.23013960984617,-0.832703070115843,1.41786766657539,-1.67479178561562,-0.539206780984175,-0.574598007889624,0.227015277148741,-0.179604427599858,-0.008773473069737,0.948103729283592
6.72219937049004,0.0800568138008812,-0.0710233796957276,-0.697028937626555,0.34282432462869,-0.216199220718976,0.94303720760376,-0.980833072244557,0.502632115959293,-0.714433451968966,-1.22753648209408
-2.86646291233463,0.428942801594462,0.626512070248476,-1.14429213712398,-1.21597632127452,-0.335956668389582,0.54375567079553,1.93867038132668,0.389881009002761,-0.772756839438183,0.681058946809242
-4.30250837694235,-0.84529111486789,-0.282064569870858,-0.920488478828453,0.219640439556877,1.02896188826107,-0.219908177876873,0.607929745904143,0.392688718623777,0.90297800802878,-0.521921684863102
-1.68300812774525,0.234951184086494,-0.511618625480406,0.733470983199653,1.30710053698788,0.368542332288849,-0.0365983083533892,-0.729215144713308,-0.53406505104204,-0.210702086023831,0.573294147741366
3.95774887556817,-1.45972613692912,-1.84437216833923,0.0243150529342213,1.35724146234668,-0.851902841652202,1.22630468228589,-0.611690095299377,-0.478682150713286,0.567531736460622,0.586636009134393
12.2273610738137,0.0281445977437043,0.0915537040529322,-0.408656523335651,-0.34349257485744,-1.14690624676042,-0.308369037670815,-0.838801130990119,-1.01107682849508,-0.858690918416414,0.986510519844642
23.7653528577262,-0.674732904820723,-1.05304832781006,-1.98655320879432,0.419688494588276,-1.92920944148323,-0.28618599993542,0.162398772272158,0.145662654670246,-0.614087729212024,-0.953796092786612
-8.02099422650936,0.541982145966785,-0.582081554050985,-0.397112840070049,-2.25389418005685,0.636348689326204,2.05408348690342,0.619669319188232,1.26234002587965,-0.43031040887856,-0.616049389038123
-0.943204779891538,-1.21172253264937,1.27415696544323,-0.37243957733366,0.102152929448516,0.989205677090166,-2.51405586038606,-0.138646570294272,0.781894566782574,-0.418578713893002,0.751784515515429
-3.64457124302319,0.639957091978541,-1.46890916995584,-0.648540346172187,1.93991230273992,1.57038595568174,-1.37912433446678,-0.12985336256008,-0.526233406724152,1.29705513193589,-0.19816276868351
21.8824392336403,-0.470958326445032,1.87033236940564,-0.806925044961305,-1.05441982197234,-2.69867028183911,1.02984509030553,-1.79376109725461,-1.31156759748378,-1.56718202967484,-0.707768260282108
-21.8365379123144,0.194637753274521,0.659615833895671,-0.0585873445429203,-2.58796497883471,1.91653405329374,2.93836813346871,-0.613160570071051,1.33095134065507,-1.18521649545536,1.1924073142664
8.04060012028011,-0.521757323718597,-0.613832817734834,0.774492863572832,-0.7936099490713,1.45766952643568,-1.97489220960192,-2.44117545003795,-0.304288733130494,1.30233325893917,-1.89513378152626
-0.454048404829041,-0.199163612121205,0.733053486776126,0.356153844013732,0.221419394310534,-0.223916972229072,-0.422078900029386,0.153654458274961,-1.02574578138452,0.320177903683106,0.431016358140238
17.3698435796002,-0.522908603459978,-1.89374409289276,-1.53031715222215,-1.59300832885364,0.0536777038333845,0.463478708360734,-1.26123548907156,-0.642547557513349,-0.0271553311750702,-1.14035421878428
0.777173679687027,-1.27080772526945,-0.746140341482048,1.44409634020514,1.02277524920691,-0.863420647839294,0.166490349517051,-0.539524631075639,0.751560507436846,-0.604128363195916,0.527173290597745
7.857326260751,-0.38952145279669,-0.602583542080365,-1.38996297862722,-1.37510464119373,0.621445470734227,0.385724133380817,0.356281464361022,-1.0668851513726,-1.42164089576176,0.311218640461842
6.18896123096882,0.281884919925134,-0.146063543092775,-0.692332061999487,1.2731772184459,0.0306155887117457,-1.57972839892546,1.46184258831467,-1.3621967839153,-0.657872043205865,0.955045090834843
12.0398349396087,0.385172317142477,0.212937672845049,-0.437964576068794,-0.120807174414272,-1.23796937584331,-1.20465377371423,-1.06986776940995,-0.601707402593387,0.632895318426582,-0.537064641004381
-0.249627919243046,-0.799923542846117,0.243081959219516,0.536454363258944,-0.345392795841359,0.812821726422624,-1.96597935127356,-0.331027768509107,0.514845326988247,-0.105794525569479,-0.0371572333206631
1.8425896260618,0.0623978946822989,-1.56152499151753,-1.03617354151602,-0.708198252471295,0.165955878371162,-0.894801823113651,-1.12424145154113,0.552036446749345,0.546786014136536,1.31261882880574
-4.12748813840273,0.507442821374047,0.882220572521763,-0.704880331681548,1.44281400632884,-1.47822748197937,1.53534361479907,0.464619249284804,0.439749924209773,0.413361696071947,-0.181765912919818
-3.78533370021827,-0.455766094327951,0.215909840761871,1.37255423403997,0.473977337445363,-0.0617106691532479,-0.23095975954316,-0.955077421257603,-0.659095799416661,0.131376452617217,0.694048135425139
-14.0490994819678,-1.1019165349226,1.08799807207618,-0.429001903646772,0.984441090066619,1.14471460921009,0.407376139283074,0.238446391330176,0.887323032089727,1.25585712185969,-0.338431496249857
1.15930158727669,-0.784824069797018,-0.13511680486094,0.619742842820503,-0.881081787916349,0.689382492348902,-0.181712087912395,1.8548247300038,-0.431081180752457,-0.930369379554805,-1.15088147898986
-6.32591807299357,1.75174087834608,-0.336595818347412,-0.786988339196624,-0.608186941047208,0.567600071162145,0.918326678824079,-2.48836397516114,-0.0770665436750971,0.698495385569772,0.348411321492229
3.72098388448549,0.478919179848017,1.28235276483045,0.14102618669257,-0.334927040121192,-1.07003075444364,0.563193708038393,-0.662825022742697,-1.28440387819531,0.313810178672925,-0.361539853215467
2.39722667495694,-0.464491930729834,-0.658808152873305,-0.718045572768142,1.12849730760389,0.147258654374015,-1.45395931895655,0.537923079697588,-1.39180352479616,1.8354206792958,-0.497828774602876
-2.27109733099213,-0.265173694630008,0.13376521911934,1.22621041028764,0.294417147657194,-2.2336877685111,1.10909579012751,-0.191444008339963,0.141599710278111,0.583315426267189,0.912147148427928
21.1378764155006,-1.84819775921638,-2.17311815795203,-0.103429551758294,0.401322366879724,1.0336712122965,-0.347731437768197,-0.0307060921921254,-0.948445923195719,-1.65740609188909,-1.20360722749084
21.8991490330427,0.235116196434722,-1.41953209864086,-1.22574672636134,-0.447997466772462,0.773246976064331,0.455857524279973,-1.84156067780964,-2.25912694783311,-1.12492032193786,-1.07793594210831
15.9536761240498,0.734832236721358,-1.76251327217221,-0.190968973623653,0.37775513299063,-1.69770012173027,0.941857657310667,-0.694418323263933,-0.590393047706705,0.182438138170205,-1.64016555723989
-15.5513542703213,0.110686052140209,-0.0149443421397347,-0.752130373982998,1.02000996982514,0.752951323760493,0.18941516244967,0.84102154363694,0.768229734527246,1.30553454681188,0.688772652205752
7.79260579893251,-0.864135261548242,-0.862430919395853,-0.0836158543858335,-0.221455440896357,0.338454128895101,0.990736017300236,-1.26362839551823,-0.0511063311831901,-1.21372389718447,-0.323796981145899
-3.41882133517575,-1.14429739928741,-0.985950629932443,0.67234871723086,-0.366810892774047,0.0440255369090836,0.86248592416309,2.05615601917428,0.209432121581657,0.323486666831124,-0.62663201400677
0.208445552263937,-0.459036836395427,0.123154373892437,0.131200752038124,-2.1590492069586,-0.40967436302768,-0.712631797084798,0.0681527326004084,0.720436794035443,0.251904523400727,0.538999728986234
-6.05347660066101,0.219723452607265,-0.202509966684768,-0.505508253464947,0.259044434647447,0.975758838820871,-0.115391231947971,-1.07701552948526,1.32036620653624,-1.22151637318713,0.663254920483578
0.543645403795116,-0.645839637311377,-0.771516508045065,-2.32693883386376,-1.04317964735023,0.011901398335525,0.992281381457594,-0.14537329050239,0.522873501573341,1.19061413203762,-0.0828648334468379
0.856130770337267,0.913832417826215,-0.881515271861926,-0.182514314050331,0.687594754830589,0.0223774691315599,0.314686349293192,0.608050592310892,0.151051600826066,-0.836783603183566,-0.505685999994772
-5.7281514299712,-0.944557367251365,0.826888815561372,0.135997393364372,-0.310983742221842,1.37811350249797,-2.27896834553558,-1.70030287112722,-0.641498686537232,1.60349347457172,1.17449557133763
-11.5342508261647,-0.242148872676618,-1.40246989060829,0.0617381302254491,0.286428991560635,0.331925239083488,1.31642115731913,-1.19234810125787,1.54655238076524,0.386775567724239,0.885804535183339
-4.44716317993205,1.01614821834059,1.47369324474472,0.265523559340657,0.481859820217196,-1.09778624040889,-0.115126121150475,0.388434259183833,1.01320820016269,-1.78646324856167,1.36009611023279
9.53814183936534,0.515761019102737,-0.455607785292063,0.601249012638763,-0.297267812704355,-2.19947245606901,-0.847120254723512,0.931461910697071,0.028012961547283,0.120001579156943,-0.359811372458484
-3.60804143814331,0.307109645143233,-0.703547458718888,-0.0135701460252028,-0.480326161253296,-0.147232611115246,-0.468580708223914,1.44176422633741,-1.04013260320168,1.31507906467594,-0.221162028227588
-4.92392196739384,0.661999958250878,-0.500191337610485,0.672046854165949,-0.50152323180273,-0.679165832372838,-1.00269294100797,-1.79444299197131,1.05990624351933,2.23011446942927,-0.118136703114875
-10.4745050094322,2.21990655218118,-0.652602237275657,0.6630247119189,-1.57948481021504,0.0552534551478468,-0.188265366201111,0.150699399004457,0.948051477221249,-0.1156812470273,0.176805855197814
-0.977231137813245,-2.04146130160004,0.774242413030613,-0.202808032886614,0.0443891361680845,1.061132583788,1.14475420236735,-1.09382375387756,-0.0618097102711812,1.15382503628958,-0.927238193911142
9.4449266215128,1.31792827573675,-0.926517609254946,-0.450244843636091,-1.41470762686435,-0.617411585111198,0.552249268063118,-1.48115054852989,0.731023760366874,-1.08413278586918,-0.948161695900836
-7.4524875538155,-0.227775616612174,0.797946360434721,-0.853807303732277,0.982417840117848,0.407509914873363,1.13828883216967,0.350966197560303,0.847063986265633,-0.223682763140376,-1.101013129661
-7.2664972379409,0.725891451093802,-1.19768345904039,0.826142998758696,-0.00967636854163958,1.22773174775839,1.63440040491507,-0.0736595956414529,0.647116567056042,0.328833505158005,-1.79844034972785
8.06174768680778,0.0907229839305274,-1.59162034760483,0.263801875560723,0.393396317975875,0.40384884415656,-1.05491575569026,0.0377007510442346,0.285603096627244,-0.380311221432527,-0.983163053237943
-6.34456129762556,0.091637955020665,0.608022303119491,0.982235436991224,0.0470275506922888,1.40374323525816,-0.347922853227025,-0.0935303941478293,0.311754211089592,-0.420351568045111,-1.33675878046046
-0.223217974348086,0.656811070923518,-1.9952120826817,-0.253308826576657,-0.161941409513993,1.10103634888164,-0.401582339417397,-1.23346521676892,1.43714801068122,0.297454121322275,-1.08290393334741
17.8755758445464,-0.501613122722735,-1.29298865756594,0.714885763376768,-0.431573166844366,-1.20220353500041,0.77958895741212,1.72044488095873,0.0821832005037735,-1.4359448679375,-2.34283802253836
5.11114427646368,-0.65392340273614,-1.1427745176228,0.219767592371653,1.11340991622109,-0.690452770504542,-0.179592386521707,1.09479430176013,0.712956531976096,0.166954108492343,-0.526270756705764
4.76719635563428,-0.223163672173262,0.532890025360599,0.303775078087072,0.787299865941168,-0.192307631441991,-1.30375703918191,-1.18421865057354,-1.17280098209173,1.06897405406269,0.469096062629954
-3.13327829655159,1.3110106694351,-0.551811674735403,-1.42154460579673,-0.0187118090927893,-0.650511285477902,-0.352704560986177,2.16360708020936,-0.38633261352666,1.03178182306956,-0.140041868076776
2.55479100767845,0.720417816405884,-1.24822821301977,0.217443702430772,1.11246585365756,-1.68828614031071,-1.11114249256098,-1.55171408460159,1.33513959395237,0.914277356581048,0.212040274665024
-0.435401145745772,1.64742892915781,1.88636420061742,-0.92828257970622,-1.57653658894464,0.326862515108674,0.0882771134587797,0.208888953834929,-1.02532536896249,0.410198398967685,0.220715576926338
-15.7067242171091,-0.596027523972924,-1.82205274950862,1.0395758463806,0.748630888729411,0.690708404244113,2.27391533604084,0.827937909750652,1.45429985883892,0.240698913591785,0.264353012004873
1.17661133532909,-0.363780576978316,1.03331512865988,-0.210431731329397,-1.73888892749597,0.533308499995387,0.487293823230645,0.574136734117674,-0.498078958040348,-0.456467921036494,-0.590317608574183
-15.2909181631282,0.0290543787553003,0.797893443854988,-0.41529284355609,-1.24004150468728,1.43229371441705,0.84307749084565,-0.666042025501173,0.714431099696258,1.45520076344612,0.508163734661528
18.4101444144537,-0.918696701044332,-1.68570711486794,-1.94053778438513,-1.43225167928688,-0.925325638957289,1.44382868087342,-0.438994852962932,0.54508079383496,0.266760462082284,-1.57061018373383
-10.2780135171474,-0.143853493367393,-1.37903892915182,1.51077894967827,0.914963875262378,-0.498140669014125,0.314757701476872,1.42623725614973,1.71858568841583,1.37564918380287,-0.180033709438926
-20.0518808437347,0.326780645845316,1.22226986604338,-0.0521145149324263,1.15246999147432,0.345597590315422,0.57831694444576,0.39897961581722,-0.843729189430138,1.60170731611738,1.87266206008545
-6.10465327271924,0.117419014525136,-0.319205854873891,-1.41185276677812,1.66651911708843,-0.900814823975213,1.05153131345135,0.3873549531757,0.172268721271582,-0.718626072404037,2.49640448734434
1.72497328836666,0.418502399368716,-1.43290198104272,0.723973722033182,-0.261571231612631,-0.00167075724866289,-0.490668405281289,-0.238971211950435,0.810436503007212,-0.422880685565676,0.253202543775696
-5.2741987213502,-0.622525727523821,0.17758363462847,0.105833241444236,0.108614357924308,1.21487193347924,-0.630799681694752,0.435857068590607,1.03804703448615,1.38584343437643,-1.47166743229888
4.27730120592061,0.712321044110977,-0.99131838396846,0.25609552696637,0.600066912899204,0.0842639977204253,-1.96358097921576,-1.51744555493646,1.37937510718118,0.989739881412065,-1.30430510985621
12.9159494699376,0.654208769032389,-1.21302457187235,-0.310304570526512,0.918788487681046,1.23420918157682,0.126147951677723,0.765758075321666,-1.19431196986811,-1.02623166456669,-2.60075251345983
3.56374408687293,-1.12120283023523,0.393144722326862,-1.20466215815135,-0.246961194149028,1.80956480722016,-2.03600313912179,0.807712737267229,0.15654626229488,-0.888123116374129,0.000906483870064452
-0.468600771257275,0.344827067974697,0.970851551687432,-0.177396388779284,0.142987531499283,0.918036260891272,-0.687921712578195,0.45804444982201,-1.21692987762924,-1.0605638704179,0.112661958212586
16.5061288798082,-0.591880006164064,1.45349981839211,-0.562018673172265,-2.52138249044533,-0.824942276683604,0.620879177748761,-1.76560789405948,-0.282411617219134,-0.335607186138011,-1.81016676931589
5.03368227861484,-1.43561463858977,0.114382262743667,-0.272026814335713,-0.235690470657994,0.113091079296635,-0.847778942950505,-1.29610845108403,-0.232480292591714,0.600442751295737,-0.260537753359814
-8.79973231058917,-1.04123499337917,0.521353979940735,0.853807327428035,-1.92905830129644,1.0272469533483,-0.231908283462343,-0.528644278290451,0.88439900350939,1.07577721537532,-0.268785811454617
-0.912806587751748,0.675638195494341,1.14078013968728,-1.34733136119542,-0.578442640455199,1.09319564680206,1.75434888657062,-0.124878281611924,-1.40300125125144,-0.319831692000455,-0.532900054953139
-0.86889833912722,-1.46568522120091,1.22323224002469,-1.16040649565908,0.7192798897991,0.539588926038903,1.01932338360385,-1.19061608523712,-0.140540878657292,0.368872131552904,0.461877496282326
5.98390269691625,0.601282101860132,0.358726902961906,-2.46073902089228,0.481375127417138,1.31444435948793,0.283443788260728,-0.851239434127945,-0.826598520375264,0.322079003168281,-1.83313612179521
-4.53282967948789,0.860551395079754,0.381226808373967,0.732641745554754,-1.22195870605985,0.41594548637807,-0.00954658128132636,0.150723705632554,-0.14925227850023,-0.272162184487077,0.0401250677997428
13.1357301977563,-0.286208336911319,-0.652149773297703,0.802867336663528,0.87982742968481,-0.412109033685684,-0.844340426290879,-0.116597426331573,-0.161838315581371,-1.18036456515884,-0.770481548609361
2.11144045240799,1.5776272495211,0.321106168005375,-0.911563290477146,-1.61835695688546,-0.290925578103498,-0.0350118888254329,-0.389740505599791,-0.443204874849578,0.280980858524348,0.0319097679521193
-6.86689918589097,-1.8129088345035,0.416665648579138,-0.0663405960944062,0.994082203019294,-0.160957167384531,-0.223734853855624,0.551309496190666,-0.273001308101617,1.43239055934023,1.07769169193301
-3.44856664535706,0.462586772228397,0.45900060302132,1.9987036229942,-0.268343622281694,-1.35807318862311,0.221216240200962,0.120507683536042,0.326592075329241,-1.93430745112067,1.12215260760025
1.62371934475033,0.124735422520095,-0.24930667953718,0.673564626767182,-1.52453355398878,1.01564034037765,-1.40453265259463,1.0333387074331,-0.171515102633515,-0.195006020745176,-0.145478445322643
-8.92885512055732,0.422964963276553,-2.62215681077087,-0.395126176948716,-1.1338142807038,2.32327981855819,1.49875539071077,-0.719394994176212,-1.34683022029009,1.11600043216717,0.0551872215121724
-6.60185818527367,1.64059441302798,1.90836643984999,0.273833357908934,0.172382356808794,-0.763297259754819,0.276572215497542,-0.0185791724903534,-0.930591570417625,0.163201043109213,0.148443359130713
13.2143444834406,-1.62759326888993,1.26124227722043,0.177264877418948,0.542613004625652,-0.532287293354331,-0.492751567449708,-0.796911517265498,-1.23343594073021,0.271389317312912,-0.26000252150312
-7.86164597552358,0.27931186787071,1.07816264630958,-0.532819079134296,-1.80914106003353,0.811195476296032,1.06073853402192,0.630099641694005,-0.4136156125093,0.654718549377529,-0.702758253600538
8.10760394000402,-2.84831851746554,2.46731136075734,-0.304681920929072,0.0810413743357855,-0.801067844951229,0.125349239033108,-0.221433073118224,0.0327717146549733,-0.41588491051953,0.738063298839909
-2.00021726948368,0.452753456420981,0.136427083989653,0.448698549269432,-0.213728821280119,0.283813461630014,-1.12280056613308,0.303319405837257,0.222072770373223,0.786113453999525,-0.0831675752235773
9.52529138917119,-1.78151789563361,-1.09920081704299,0.981582358316314,0.06848722217742,-0.254173209596494,-1.78972875209275,0.00118664646284399,-0.494795584958773,-0.411163165864886,1.6191328954042
-5.88109313833512,0.971517885644064,-1.1265253033923,-0.9765968549186,1.26828628241433,0.889179557124279,-0.751753144661105,-0.516695384661723,0.0104877314907591,-0.0923581351650232,1.82999443181006
-8.63750138457584,1.08730491405326,1.28585856281229,-0.864581976226667,0.265075100859475,0.570832131605575,-0.0656330820413158,-0.354076607792096,-0.429575851396348,-0.0591952352655721,1.62942698785663
21.5664589667881,-1.23909472521399,-0.74746404120327,0.316843506357666,-0.280026862592414,-1.58889725086175,-0.0809748641342827,-0.428337504355874,0.198198114983625,-0.73200732886712,-1.15387000885778
-8.84892142201569,0.4316138985491,-0.310725455992759,-0.757606299164864,1.12495421285277,1.23399917643276,-0.187273390245754,1.43014674450384,0.498177879589461,-0.489899971565252,-0.0321010848827573
-14.9788361622246,1.06733140597189,-1.10374681030572,1.94494639264659,-0.965805362234921,1.18761341016538,2.30856359315554,-1.03670728384426,-0.746271830471281,0.565190833915587,-0.641268131996729
-1.00116947848462,-0.789681209377706,0.331359987313673,-0.0720745529218284,-0.71271517396018,1.15423998441541,-0.608541480796495,-1.51831205618274,-0.663079486808639,0.293491041912416,0.409167634276451
14.8406048135296,-1.35970805516439,-1.18859149208327,-0.338868685364395,1.69137603706096,0.204041450958957,-1.48246018763916,-0.763238073042123,-1.13934047487625,-1.41912554158329,0.945010598650921
-18.1987902163138,0.588496840885509,2.03092349324361,1.12935773613801,-0.38857142704829,0.390153536353439,0.726494390531021,1.05565854767512,0.193269695109927,1.25803676124853,0.34521376005477
-10.2004076522556,-0.433918208674143,2.79956027776386,-1.07137764906873,0.99871513739305,1.06815225570815,0.799665255398704,-1.48100917548279,0.780798117223241,0.683945166493784,-1.10471984761502
-13.2295411181668,1.50058934453547,-0.86260845563484,-0.30532563881194,-0.600552143650642,0.400602559857039,1.96305870211698,0.875553406738165,1.36417120530598,0.783664881028205,-0.471577823439732
20.8197074250291,-2.24042974594191,-0.785262355760135,-0.242732980334662,1.76870698319136,-2.1984927411239,-1.10896401315075,-0.29248570685529,-0.0365749222087993,0.294184718692458,-0.564792885684515
-2.60611495205829,-1.15807649250818,1.59694075723209,0.28678719904181,-0.489856210649024,0.873148866572341,-0.661511111534502,1.78666021170368,0.140763189182025,0.112937542802916,-0.205421422387071
-5.58077801464592,-0.144693769489213,-0.478447643648014,0.455183295232257,1.44778044769703,1.20961135715472,0.143288297823276,1.20874230920572,-0.0453687618480894,-0.834844263526885,-0.912344820401535
4.95638317824857,1.09103059526093,-1.28671904074266,-0.375674077797424,-1.00037052888459,-1.29899402715195,0.440147039752944,0.382602760613049,-1.14433855912314,0.341785893788106,0.0950142974317191
6.14890944401422,-0.452251493926294,-2.11033028908744,0.909237779939309,0.220690350702395,0.646341814799351,0.178747695412397,-1.24379893780148,0.990252716363879,-1.33764402939027,-1.24817974860398
12.9740954084275,-0.0422912169255924,-1.0076748634054,-0.449274453161771,0.224194548871401,-0.478309361233018,0.117931481085029,0.246620248577609,0.620585694682788,-0.698415109772525,-1.00565098746479
-6.05712539670635,1.17226216988472,0.233469661434617,1.80826889904784,0.0137080689066621,-0.426703518099797,-0.67123440619404,0.433909175838774,-1.08687803926432,-0.437951623817014,1.33421106801972
-2.52277184892016,0.441103041649345,-0.821602930653794,-2.14415806048174,0.495704579847176,0.443225710161296,1.03023340526603,0.493422254421158,-0.643642800143499,1.06839247544397,0.317655104675927
15.3596851824271,-0.0921172331311011,2.05598638252344,0.126475392568386,0.0122967883357537,-0.303251328570455,-1.398362621204,-1.31959952870871,-1.89441538991195,-0.503922800852403,-0.878331954821334
3.28128228425016,1.45296506480323,-1.06147683969106,1.59104226254252,-0.00920130346898289,-0.45682427168899,-0.706558005647848,0.13370895371517,-0.406265268438228,-0.805779930775414,-0.415122991240862
3.64292114585449,0.13362596911673,-1.28191913560076,0.59223442871394,-0.40536344676885,0.893196010792833,1.08000352403856,0.116157681696028,-2.2344625107506,-0.272528335956139,-0.523458950314569
4.83878316710572,-1.05644862519411,1.12871766918572,-1.55321056120969,-1.10548530329113,-0.136140870102123,0.78277237146727,-1.50589990611333,0.30145413139402,-1.2887843841528,1.05352057797286
8.33481073121261,-0.0235152748759659,0.153056722751047,-2.08970578193388,-0.524393961591707,0.608764000662771,0.163981692070154,2.15258264223992,-1.38033291646556,-1.46794670130577,0.475415181554921
-9.18573076533913,1.06174305015138,1.40406819250615,0.801409011691809,-0.441588632393655,-0.382022562995993,-0.601695091580049,0.586110877939723,0.890543831067911,-0.511746313817297,1.3249847418121
21.2145912839932,-1.10407294704907,-0.498798753983258,-1.76573162506032,0.620103451386784,-1.5635239619513,-1.15697684237099,3.02895820263054,-0.427073415851571,-1.24116747343803,-0.988385393449428
9.51719694629688,-0.0316829921574484,-0.296637781210828,0.130739072350959,0.605622393998253,-0.118615805083284,-1.32756897059219,-0.329684997801699,-1.1199532208845,0.471201701372284,0.17915016223275
5.43079362271706,-0.042233299749707,-1.83765890926853,0.920297907410431,0.169302541979326,0.275537580099556,0.0510190989823755,-0.0277456054275967,-0.534528945587048,-1.36242517763817,0.618068449155821
3.16254437151053,-0.709406794563907,0.187743758324382,-1.66743727480768,1.56223591432288,0.6285959122013,0.880323109745725,1.49132634292896,0.54910541579903,-0.96406031563549,-1.07779270366204
1.14557938048304,0.0645310135190688,2.3932239621306,-0.994634872053332,0.500781684867386,1.57192753132328,-1.73892499520346,0.359535190561607,-0.57056804348703,-1.50109874166213,0.188733618195498
12.9313352378222,-2.22790336739254,0.662821867327659,-1.96792293686858,-0.167313543148597,-0.594274103889361,0.267938328176875,0.355776841947914,-0.643807050485926,-0.606982555538997,0.80454660192987
-8.99312882035062,1.3316711566997,-0.608035692065728,0.162638883480519,1.1956579826631,0.292486244720937,1.49145921203005,-0.024926688711895,0.272416407057298,-0.429596616818828,-0.104521567499796
-7.98977182933486,-0.718107210824685,-0.542362185774016,0.0238519551825402,-0.480171387654995,1.12869630829778,1.15237101574078,0.648377701186118,0.899122138180061,-2.2036554147377,1.26164441030723
4.69875070571799,-0.488047785583149,-0.575644957914968,0.972384283457612,-0.676401578322951,-0.89085389685647,1.02702900148554,-0.0746333274652502,-0.0550755054223712,-0.692720749768642,0.155865190856861
-10.0494102783583,0.596621342108393,-0.0489550411081083,0.773240268687666,0.643123862663193,-0.316602137615191,2.78004685241692,0.591827849532861,0.0660516317493398,-1.27252142808657,0.527881178061068
-11.1169652648309,-0.716953181147766,-0.321840738121112,1.01052749809487,0.130245197191484,2.13104791204786,0.172768409947092,-0.506090238096587,1.46825168669982,0.100226638837278,-0.587851532646805
1.05647635941523,0.55826309237011,1.06032167646427,-1.42642767731916,-1.04287206942143,-0.770459774994107,0.363971855241165,-0.6318258326633,1.05408125319203,0.163263293966489,0.464478945285555
-4.21040696123785,1.53672905647838,-1.153324451903,-0.370437296486745,1.87014146973598,-0.97633290403878,0.408853970172514,-0.662671141040392,-0.563670274672155,1.90177663832981,0.110826803530243
12.0597715135249,-0.347691982693559,0.772540507531962,-0.481196230361432,-0.223371376729225,-0.462565244701639,0.625539363229002,-1.24356821962183,-0.675475049605052,0.0173141000713455,-1.49451391609889
4.62421197182608,0.533130572956916,-0.949051954892059,0.214498013031898,-0.715114278284684,0.437287676296288,0.45384138588306,0.713199242692272,0.278326661553505,-1.0046795387983,-2.35325078177812
-13.4330258254755,-0.38085718064333,1.2419997249316,0.689638429019832,-0.855279120023245,0.819184888914364,0.253275030262289,2.60545940313154,-0.152331860757192,-0.936647757319971,1.52037235213002
4.67538852141904,-0.694225290522247,0.393337586857041,0.809650526745921,-1.09276596230543,-0.465524649858035,0.752091604146389,-2.02130187716515,0.708817892558149,-1.12535594943256,-0.116824813961205
0.119826513014115,0.375028738842601,0.609982752039931,-1.17137520380733,-0.725110172046945,-0.997076769826674,-0.0198525438265871,-0.308855503355119,0.818625386284628,-0.536605865320893,1.96272607109186
7.38272128115164,-1.97440729407731,0.262819059487659,0.171070856047443,1.48132228727593,0.49117959184449,-1.63991393790923,-0.434861336044384,0.399690178584296,0.331267998273315,-0.635810292189682
-10.2169468049847,1.07699577875439,-1.61489080942168,1.86957749954958,1.11017817922284,0.449297458502794,-0.437533595596481,-0.0635547372956547,-0.601460262528413,0.300709564902533,0.677720229511378
5.9722126161217,0.978243726199818,0.249615767913257,-2.15829181852728,0.843513904208473,-0.426508526865013,0.137437933487686,0.0274248273442209,-1.27136822999102,-0.131783458450382,0.301141645588247
0.455071309213325,0.754400206456124,-0.624212888843058,-0.46511181892029,0.600116604376187,-0.231041069674172,0.647308822791664,0.530290957515508,-0.714351566030964,0.521461788689361,-1.4996518426671
-28.9887834024328,-1.71984571627041,2.01620254954856,0.917483981271868,0.284692422587312,2.67033237589113,1.40069900980113,0.931164656433311,0.186596278024702,-0.196824125880412,1.82295933524531
-7.02172466149165,-0.626655525950208,1.23330569643719,0.826532587921528,-0.0924860859111275,-0.00824598435435527,0.798224467195388,0.393978189100507,0.0103100805627569,-0.942268132550154,0.25649007361985
-2.05565380598991,1.00508783365273,0.536213432944921,0.489042681302915,0.526199179637407,-1.22991632236101,-1.13816309145728,0.328608327949433,-0.223755300636013,1.05463055331447,0.149504964001432
4.01329162142797,-0.152719948255826,-1.78539690365969,-0.0248542855612128,1.89907664664996,-0.599698693804344,-0.499015032191846,1.74430070134021,0.892360845428229,-0.404901895491526,0.623258740401715
-1.68621713888583,1.53804508286232,3.17372546841824,-1.26343014421464,1.05172473215553,-0.401929428887542,-1.55034765847135,0.211266530897377,-0.465867552301873,0.504083376243404,0.180456700080515
-4.98582458277979,-0.238467769296887,0.172365987787634,0.112328869001924,1.46260823941849,1.02568650416941,-0.483889407602306,-0.0699908173478601,-0.502450840413893,-0.118530456589281,0.819006825965151
20.381276052444,0.157020310323615,-0.379560836220304,0.0633619860471332,1.59594051377054,-1.64191923219047,-1.21496804946206,-1.41314675721675,-1.36694369022749,-0.580629725190294,-0.343437993506008
15.1893582073216,-1.0213279502214,0.319823011788255,-0.0838715885935298,-0.767293143333057,-0.191881516206532,-0.76651094732481,-0.0481481961480342,0.511596984677431,-1.20273572863731,-0.410143153259881
13.1159991838028,0.753952173481324,0.296781080703792,0.908701232424939,-0.313062687335892,-0.625447113272656,-1.10826850604582,-1.22357489620377,-0.502560471706121,-0.21691485051123,-1.23668350028146
-17.6809356183489,-2.37211428341093,1.22000140210484,0.881786080313501,0.256199727736079,0.565711398907753,1.98146587716965,0.455249306058972,1.88224669794462,-1.00972691114765,2.54704134223654
-0.2023479860427,0.371547097055528,0.916458697442555,-1.07179608597618,0.97920148145399,-1.24778738506842,-0.640941673491786,0.639945779080664,-0.27768182567743,-0.301694005796843,1.51399681489703
10.3552743000796,0.508587265183062,-0.853619799137682,0.563155849792946,1.20993007875003,-1.04249883196076,-0.0250188022658866,-2.64074548312926,-1.25570026635645,0.455437112131923,-0.783198428178563
6.97101616436786,-0.581818257092659,1.02421626994299,0.161728364791079,0.178726531993304,-0.896871185111021,-0.156532056977199,-0.0797251038438298,-0.393285913411212,-0.415557990332686,0.633751421684405
-2.88743206764109,-0.850693190200461,-0.713835209583857,0.447023698120461,-2.18262660284027,0.338281452977331,1.24726770129468,1.01411117183809,-0.399462273987999,0.482495025937125,-0.479263194380466
8.28579246584216,-0.969159386954165,0.109626922327656,1.52516233751929,-0.33896455699764,-0.370512080154922,-0.0623514359160244,0.67052932651331,-0.736258948968014,-1.49592621017104,0.00364853640573034
12.8004212953358,0.0541817037608829,-0.422649395920722,1.42394755983111,-0.58084580794656,-1.59563671900563,-0.775636108523388,-0.650750437427013,-0.940234519505419,-0.913623582521553,0.134535962479194
-5.7951085331773,0.750285313531502,0.563722369358108,-0.295702440698413,0.605395341030293,1.07201779218491,0.87459945054803,0.116932470175488,-0.571074641820953,-1.95455637478831,0.395479490921703
-8.82380602963887,-0.0113273767184092,0.780554620353989,0.0181529004390027,-1.3015307426152,-0.472995103525765,0.441010136722006,1.39215532476626,1.40276278417424,-0.157828039202795,0.516368774029613
6.31430224597668,0.439891654241712,-0.97126619150209,-1.22569002287949,0.790421085389786,-0.434984268095763,-0.860543950370966,0.281806654486138,1.33734296912532,1.62309493785517,-1.70239236043898
-2.11172987041211,2.9094972460916,-0.570237391750344,1.24921987468568,0.355882126425629,-0.487276920524082,0.131222879928032,0.36994548933048,-0.161707941089554,-0.274384413937723,-1.73720655439695
-13.2375334451188,-0.62907407937046,1.29670608805565,2.06891772085025,-0.132962581059451,1.11003774265512,1.09215977888802,-0.470906879266356,-0.629657122519422,0.898998140844048,-0.681942164613468
8.35459735685018,-0.273658770606447,-1.23133872050698,1.45758452331476,-1.13142059246245,1.48082029336156,0.529138242993243,1.23436856302053,-1.52784606428096,-1.83309095712213,-1.49816278464122
-20.7180892959805,1.17824503102493,-0.0280402511974558,1.21367969398063,-0.752956685598287,-0.365299180048866,0.709522762059109,-0.781125882304354,0.814646944416915,1.56717800805884,1.73052300354441
8.70786458218039,0.826072818097391,-1.14488393477548,-0.4261059536721,-1.80261066524264,0.345068298860324,-0.416085763279111,-0.242419879124244,0.593568343701564,-0.60442994857162,-1.51094699660958
-5.871481110151,-0.459628921317973,0.593900570705925,-1.85400077100918,1.07057711324959,0.857887344479114,0.346812322622729,-1.0210370060593,1.06372341808709,0.138216934707654,0.445363315861442
-4.27563834439966,-0.547765106541231,0.620296845574436,0.911865954220559,-0.0552350499007886,-1.27280030890406,-0.995843342606759,1.15253559668147,0.194426657373314,2.4401938455622,0.143955804056488
20.7675176548628,-1.62492233602502,-0.130352632094505,-2.72496910655971,0.922143987670906,0.680392291560205,-0.217727446447826,-1.92583277858514,-0.195432086553957,-0.666415067625437,-0.778731845820277
-7.18605889227592,-0.167393563968078,1.657199624763,-0.65321345380122,1.37165406844625,0.816285112686554,-0.239555461729229,-0.713361370802708,0.346879188873295,0.769592495996343,-0.23698091080511
11.0939020741779,-0.531010832430544,1.03387863788704,-1.6136715676453,-0.78885488432145,-0.339291489787802,0.158424193977849,-1.01455329706726,-0.0467929337619308,0.511575832085244,-1.16540138387012
-10.6265771604595,-0.997286302259328,-0.501157830444105,1.15720394507936,2.04837943068706,1.29808964944844,0.0846278968852158,2.16895818978121,0.610101406207194,0.581845666643071,-1.193754122264
-3.42850115974649,-0.828635944827499,0.544011006627896,1.1138295921259,1.16784970713016,-0.224853335702885,-0.181405696065367,-0.974011575620137,-0.097693729769996,0.555325610424352,0.243144791061942
-6.05052330797959,0.872221651367728,0.197329808918781,1.57247020062825,-0.00860486615052158,0.92821798733538,0.0561823989313874,-0.715217347783799,0.755880269885083,-0.0188444466905075,-2.21416091845677
-2.74908349372755,-0.505208866645957,-1.45364925377871,0.716123256703594,0.0866250939066737,0.78299484211955,0.153492301227392,1.5734158821818,0.132801013292334,-1.31256064318481,-0.0734091614070254
4.99677091197299,-1.06254156447756,0.784657276381559,-0.662587340560693,1.69923856674319,0.468307575478251,-0.104801001471166,1.34385182668949,-0.835800379178351,0.0275205127520825,-0.630701370291538
-3.94498521201449,-0.762275254946129,0.287981871587783,0.98161117611419,-1.03953301574963,0.381496824466105,-0.618341541720598,0.28149901730731,0.391840559122443,-0.894257477669379,0.82496528660291
10.3947798076232,-0.177072353163752,0.67745325057226,-0.476568559098074,0.389574049852079,-1.19537717803999,-1.23258225382425,-0.055407730737449,0.280991801473336,-0.374608882005802,0.13687441536066
-12.6675013452626,-0.838883823588175,-0.13189226463998,0.661432830708739,0.951589516066571,1.07940097849101,1.7493228548993,-0.0450776986261865,1.1633178519976,0.847309796011328,-1.14246193638972
-16.6895008489115,0.190756688700909,1.57831242139847,-0.762935424722053,-0.803562704022695,0.78139866178273,0.625316114096651,1.18471668459035,0.773892923877832,1.85325817693735,-0.444113686062073
29.1270354523963,-3.73522040413583,-0.761993382161219,-0.615801028554074,0.582669291794194,-1.69181700442867,-0.126229674688744,-0.516439014080116,-1.316280107072,0.927814834286938,-1.31439096660645
4.70564971745809,0.420957454502146,-0.157351206115446,0.5630955538815,-0.241395064229156,-1.40733957198759,-1.0422921327571,-0.136701463023733,2.41372195429218,0.34919149920184,-1.45868366643319
2.900628204329,-2.31695803242603,0.145497412173041,-0.360070803630301,-0.592696092847842,0.00232095287083135,0.460396858703639,-0.87092729760367,0.949297792610461,0.994844124008749,-1.21103850388242
8.20227846871029,1.07227768356392,-0.429322098201858,-0.183434735074277,0.476607240009623,-0.50668139457862,0.374544702165641,1.28384221154089,0.308086658867231,-0.749103034713348,-1.33283814448081
-2.50972564438584,0.563173062308635,-1.18115421470372,0.13355277202444,0.860154453881915,-1.86573208983669,-0.431933346388502,0.643142151701732,1.82548316859897,-0.672582796485959,1.2017062503409
-15.412574822312,1.51252532287685,0.759095396774303,1.16556668939412,0.180657143705318,0.812168675849161,0.592854676736655,-0.0148411682583519,-0.00347394560033977,0.519328572562289,-0.558461789583587
-10.5841424993915,0.0456168457947225,0.472079406444681,-0.567335611002108,0.128830910105562,-0.43100188538891,-0.851795200695535,-0.348444959950732,1.26878164747441,0.580276496810453,2.44222261490052
-8.31685774076641,0.414154105207028,-1.11173566723727,-1.2769088631149,-0.577570896442478,0.0160355330887032,1.85002177420144,0.942707956536607,-0.470428520959714,-0.0217920506144391,1.87759545245882
-2.27750729948518,0.354911932017898,0.11210824576312,-0.103467642985963,-0.368167661448123,0.878899634216238,-0.559374986123994,1.27222044101483,-1.23674858415911,-1.64371123193326,1.8432482041297
21.30766410981,-0.905797043395077,-0.628267035468678,-0.528035811447395,-0.963214261215738,-0.765903102336125,0.139000132113687,0.594546313581562,-0.580758660400389,-2.59729154034981,-0.99593881488592
6.49206331272131,1.07938071276501,-1.09913438587689,-0.177781221078141,-2.55846967927002,0.844637146720936,1.23099174420574,-1.22906256677203,0.446742091625216,-0.462461582890077,-2.1765040999501
-8.441032775534,0.475405706457167,1.02690569594217,-1.12830555518464,-0.0276776763277654,1.12409681857101,-0.155293855540172,-0.350918659687978,0.138103574464182,1.31394636972474,-0.572504222526567
-9.62124334757317,-1.33171684907009,2.11750406357605,1.2766599455592,-0.0588642065063462,1.16543373080892,-0.626847552200802,0.0564993927875939,0.933444939975027,1.31707450333112,-1.17423906181242
-1.33751674700166,-0.766925555314213,0.469927325669564,-0.912827597449018,0.410647655076105,1.96448705225828,0.916865157775297,-0.732285430959282,-0.637821969371677,0.0234922341913612,-0.822840700924432
13.7989034114321,1.16659703924392,-0.0456232286981286,-1.85729554410915,0.492970069401412,-0.306488579628196,-0.913921810248851,1.55251819048664,-0.960224538779792,-2.28683979837046,-0.369266435341161
-3.05451937286361,0.983287793620401,-0.0897270356188922,0.267109413701076,-2.56913826745377,0.28187902677203,0.921119912826951,0.208483093376321,-0.220417479564126,-1.76675114399547,1.06721726503124
-10.9896775605887,-0.021619328066733,0.0224468886897371,-0.750785588120052,-0.507898736250298,0.639231442482513,0.935005398809748,1.37386491635687,-0.060033489954696,2.00166188013956,0.279530875120931
-5.72105509641757,0.0601495625507072,-0.530485188073352,-0.231350152779621,-0.0473375549853013,1.6577150553824,0.105383106173676,-0.807531784794151,0.374302967058277,1.57688090966983,-1.61383567717985
-4.47960799391913,1.00555799569536,0.92465423572203,0.69309792880221,0.866264664659781,-1.47277450598604,-0.0673667646046343,-0.127181082856666,0.355384862356358,1.44660059548559,-0.863271591550643
2.51046583976298,1.47981870926388,0.668766607348485,-0.23967125381021,0.670830491271387,0.358057746669304,0.0733901981104872,1.61653328343491,0.8153616999511,-1.4532686967594,-1.81875241603016
1.08994259156678,-0.828278897917136,0.309351456541646,-0.316181198506565,1.69608706918177,-1.05596348681398,1.8247359233638,-0.0537004604123724,0.64223114418671,0.0935545315301235,-0.552812409496421
-9.78360345011393,-0.580947886147775,1.47440632309969,0.745230331702147,-0.327129239887,1.417820844809,0.616862014229438,-1.29030041813509,-0.706998502412841,-0.186712621800993,0.629529629744531
1.8292750134424,0.0147620568923362,-0.102670905703094,1.91093202316542,-1.63412627193373,0.0418288214236122,-0.508824388520432,-2.80546847624379,0.182380778863347,-0.10674703879469,0.225298354301677
19.7646358648272,-2.24947164918675,-1.00708877466461,0.38942196284946,-0.271759825688211,-1.45796457323105,0.212498504966321,0.343562751764609,0.842942309166198,-1.55691202937165,0.168666839925107
-1.17679053136792,-0.62490209535808,-0.205511223577414,0.194934920698688,-1.51149579471519,-1.31990134976983,1.41134845810743,1.00330855304011,1.3076834785247,0.645432780313858,-0.250884551822467
14.0923729906109,1.47856626034364,-0.221859028224664,-1.88427897036462,0.172587621381972,-1.22427601372288,-0.967562151746318,-0.839786484621646,-1.1968904778277,-0.0761458326694875,0.213469455188292
-0.314785096616015,-0.92916146318299,0.224149367876093,-1.18173792689446,0.911863630219157,-1.31973812997117,-0.516467402204423,0.464518298119903,1.35302213262387,0.247255148494374,1.68845635253284
-5.43013095334872,0.411168136164888,-0.465342126834651,-0.834515468960337,0.206869180345551,2.28903917314831,-0.873614490455732,-1.67705053094594,0.378533241111243,0.425521032472468,-0.038055836584456
0.824245577232182,0.321327508721645,-0.386764819925949,-0.464533313920934,-1.62063182851075,1.2672639732891,0.568066174376747,-1.47673546389667,-1.04921596288201,-2.06698210435786,0.736916711657339
-6.2743879845476,0.822840590356269,2.22349046907876,0.515860988484592,-0.139275410099019,0.33768725203573,-0.664339925103969,-0.553332657559171,1.88171468086157,-0.652025677170533,-0.00904937578908265
-3.64450935179387,0.490478287845777,1.43367730883989,-0.36902789627716,0.797221776138443,0.173733808298366,-0.74404091165722,-0.276705694574238,-0.757016608383576,0.430822253954218,0.24676137777934
3.27649555933671,-0.681861585492405,0.262762444731978,0.216209062655528,-0.571061497551393,0.652904908790201,-0.478043008010204,-0.832547816772785,1.54172594692984,0.0286907444228841,-0.0911692234688481
1.90066732355535,0.76665577020471,0.546534155797952,-0.490705640660944,0.284835283496976,0.959715544395205,0.620840272467533,-1.17418667125517,-0.753257317769161,-1.07430236352392,-0.767585172022254
-3.92766816821598,0.642604137524676,0.294185158198257,-0.403920809622625,-0.472499010489244,0.25638393743793,1.68516490176086,1.15212873037309,0.261529145050453,-0.0704552276364413,-1.21243359840657
-7.77117554768799,-0.94398522219666,-0.044901938129438,0.902906974868206,-1.1648844163833,2.37788311138377,-0.131009966165989,-1.88598955292922,-1.09720560089055,2.14505562834827,-0.43183362979935
2.24893490532633,-0.392155354309399,0.603707449769877,0.0172853877159633,0.766344750782628,-0.154443154519368,1.17107230674263,-0.719550486978953,-1.23276054154465,-0.970323240107122,1.18176098530023
3.59182799884022,-0.278024011522198,-0.0959914994299332,-1.18909483377816,2.63695501851067,0.190032486189709,-0.0280766797757513,0.727910102099604,-0.867214480074755,-0.229356878299106,0.0709108484509135
-6.57290335983689,1.92008195409555,-1.15708768305444,-0.360450149185253,1.50970200609239,-0.533395129393003,-0.384390219031799,-0.270790830110772,1.89955825603005,0.875168087326408,-0.327548067923691
10.8078908967417,1.38964293856345,-0.804869536514157,0.316270162614286,0.410453135664744,-0.829657721089643,0.0228146873482145,-0.333891636801393,-0.7368054889622,-0.518676006616693,-0.767751319896521
-16.9825716531896,-0.565460975237895,1.6104258461803,0.251332081575042,-0.689655464007949,1.52277692104087,-0.49786687309693,0.552626036357732,0.390054397620591,0.958635263738076,1.02055080106213
3.37249897327038,-1.42265313249097,0.785881300144223,1.27506301538151,-1.01463727523099,0.660058600034055,0.307415620634523,-2.04817977808758,0.354764713097387,-1.4636658581728,-0.118803549202484
19.3240572801772,0.465580147463325,-0.0366187383036287,-2.55081165913562,-0.200231765834544,0.179604589436968,-1.93409279755497,-0.659405505612126,-1.68256095378404,-2.48621854316075,1.59977729943245
-0.726160019642942,0.01865821359856,0.5562313233682,-0.989830505889454,-1.12709158464599,0.170175408055135,0.658966393659291,1.19346695410846,-0.081137945277411,-1.06581946324308,0.204462372327494
21.8902498290684,0.366155548665849,0.110120519667114,0.634314228785083,-2.02098924249921,-0.392287343313585,-2.71044975004118,0.916699841136728,-0.339538136816846,-2.02807635388364,-1.74556862474262
8.52583396533416,1.32017467812501,0.454695962985735,0.156211856479503,0.238645979676873,-1.45136404178681,0.237905989740605,-0.245707967882959,0.797742750620981,-1.54557069745057,-1.07494171491526
-8.9659350001299,-0.227472538904317,0.110022165806541,0.465395571353235,-0.0933380040978437,2.04785526007193,0.303221868406467,1.54939822892391,-0.559853984431962,-0.419196132310422,0.0539590692865404
-0.943436086404263,0.603211847492248,-0.685558863532795,1.91980921111262,0.351073527759087,-0.250853371420355,-0.104262796776928,2.58739089890325,-2.80281905230055,-0.0128058324003079,0.0564483421187
-0.642144082574222,-1.23887309479504,-1.00439413441518,0.31085507728132,-1.04913332056482,0.0688873792982843,-0.645498074331786,0.668857979836813,0.846740455950995,-0.471115234268019,0.875256247722618
-0.781596986476214,-2.39657721050257,0.936069739281834,0.378352134332389,-1.85668863606146,0.737979272802929,1.65656325463849,-0.859794772789039,0.0582852883701446,0.570223274961892,-0.654568143691719
1.2766816980429,-0.295176712259944,-1.01548990974431,-0.362287635717596,-1.24298084609548,0.473456839575911,-1.21614889137552,0.120441741363303,-0.183121799428685,0.0306883483610223,0.760638981815298
5.51049213709551,0.0435162141578363,-1.44276550827837,2.6405499641758,-0.886145144781597,-0.568141017939256,1.59270214534585,-0.825323206942792,-0.236501632140515,-1.70374612595413,0.378007218834561
9.68011666448548,-0.0445124352524456,0.851986302423244,-0.066680908269286,0.422831798726408,-1.69778862081378,-0.269154292006139,0.566215458066213,0.580218109440441,-0.994501391915953,-0.986479885586848
-4.30383897882481,-0.570763491247414,0.520969725731527,-0.236607582675567,-0.420342226891017,-0.314097337678036,1.11394940696573,-0.309715599214032,0.0234115708565339,0.524573066521497,0.463147276714161
-8.76264117555433,-0.436419719338784,1.90063089452802,-0.850749294696754,1.48009409594696,1.01387826669068,-0.445812559119416,0.0400274742023456,-0.108570121425335,-0.211470423913909,0.764201322435684
0.772624319998852,-0.302907848883107,-1.2280473015573,1.14908046907108,1.12817972552034,-0.520737713161786,-0.436350130129819,1.33700836255565,-0.0153645286246102,0.322778996249463,0.856498790221556
-5.35827615928254,0.15786837420091,1.83156069553854,0.277983557965278,0.382239914046104,0.0335821940864442,-0.258849572004741,-1.27413550519466,0.165445858698515,1.04160741493645,-0.443511126032414
-5.98058818807821,1.19024145642418,-0.0990590160811105,-1.32836744613794,-1.08696061725222,0.114673637807864,0.743332177419006,1.06546110462386,-0.0389120413214,1.59765380620815,-0.204112092293621
-0.00972454519569155,1.31249548140268,-3.02821720708079,0.359812358115356,0.675382163378655,0.202561264375726,-0.197026259793607,1.32205414650162,-0.822726764068886,1.28519064602418,-0.596932358247427
4.74731894198462,-1.26635974245799,1.47342884584118,0.62413413025269,-0.470317630637168,0.462787778552683,0.950795015672091,-0.860551448746049,0.903405407812664,-0.936616186527634,-1.51980737710031
-3.4870533026257,0.100437545372759,-2.28933094043694,-0.0475144845910105,0.993871219630292,0.592026101531792,0.959259501186807,-0.814252552428309,0.577319145732368,1.04409462060866,-1.20258805588094
15.1701434485283,1.02728641296543,-0.835502446612726,-0.299745229411132,-0.0410377190945564,-0.281906810084596,-0.316285161001603,-2.08380452153041,-1.31165462098889,-0.640500339373055,-1.56378233745748
-5.50332486033362,-1.85846192199618,-0.405640683670442,0.14426012178952,-0.356241105827808,1.41262202413151,0.449911480392913,0.275672217127653,0.579162307399584,-0.321962441702784,0.896694722103499
5.16490465583646,-1.70832553418319,1.05571473192613,-0.915882291402854,0.238334694156882,0.48704691425572,-0.160803743524605,1.55335342231112,-1.31925453502183,-1.12508802375297,0.253912627588156
8.33512921973431,-0.691591944972195,-0.889629870920797,0.901238335795356,-0.643227980969455,-0.275886030743316,-0.442847680705725,-1.17949440033697,1.04346265366898,0.228721196079622,-1.32202400528796
22.1319415412492,-2.02208368578903,-0.438755612980093,-1.24054563359242,-0.729487357470259,1.06160195055162,-1.4750403879386,0.899068489589301,-2.30848115510505,0.0324915393147108,-0.742200800579532
5.79664483717405,-1.10693321713413,-1.17500207340556,1.02464820203591,1.02491684528544,-1.27193618674576,1.08013926433936,0.460413793636999,-0.846530088885217,0.468847006504667,-0.476570314914681
10.2339385509811,0.397537547840594,1.03635903296244,0.470251646131825,-0.794136945747141,0.566757290883977,-1.43305645274225,-1.23934683210643,0.17399310724108,-1.017629088817,-1.5972153091133
